0 9 4 1
1 9 7
2 1 3 7
3 2 7
4 5
5 9 5
6 9 4
7 8 1
8 4
9 5
10 2
11 9 5 1
12 2 7
13 2 5
14 8 2
15 2 6 7
16 5
17 1 4 6
18 2 3
19 2 5 6
20 7
21 1 3
22 8 4
23 2
24 4 5
25 8 7
26 1 7
27 4
28 9 2 7
29 5 7
30 9
31 1 5 7
32 7
33 9 7
34 8 5
35 8 4 7
36 1 6
37 9 2 7
38 8 1
39 8 7
40 9
41 9 3 6
42 4
43 8 9
44 8 1 3
45 1 6 7
46 1 2 4
47 8 5
48 4 5 6
49 1 2
50 8 6
51 9 5
52 2 4
53 8
54 1 5 9
55 8 9
56 1 5
57 8 1 9
58 9 3 1
59 9 5
60 8 3 4
61 5 6
62 4 5
63 2 4
64 8 9
65 8
66 3
67 2 5
68 8 3 4
69 1 2 4
70 1
71 1
72 8 2
73 9 7
74 5 7
75 8 4 6
76 2 6
77 6
78 8 5 7
79 6 7
80 2 4 7
81 8 3 6
82 9 5
83 5
84 8
85 5 6 7
86 8 6
87 2 7
88 5
89 1 7
90 2
91 4 5
92 1 2
93 8 6 7
94 2 5
95 8 5
96 1 4 6
97 3
98 4
99 6
100 8
101 8 2 7
102 9 5
103 2 3 6
104 5
105 8 4
106 2
107 7
108 6
109 9 4 7
110 9 7
111 2 6
112 3
113 8 1 2
114 8 2
115 3
116 8 9 7
117 1 2
118 9 3
119 9 5
120 9 2
121 5
122 7
123 1 3 6
124 1 2 3
125 8 4 6
126 6
127 5
128 6
129 8 3
130 2
131 8 3 5
132 1
133 6
134 8 2
135 8 3 6
136 8 1 2
137 5
138 8
139 8 5
140 9 3
141 8 9
142 9 4
143 1
144 2
145 3 4 5
146 8 6 7
147 4 5 7
148 7
149 1 5
150 7
151 9 7
152 5
153 1 3
154 3 5
155 4 7
156 4
157 6 7
158 8 2 7
159 3 5 7
160 5
161 1
162 3
163 1 6
164 9
165 1 5
166 1 2 5
167 8 6
168 1 5 7
169 5
170 3
171 8 4 7
172 3
173 9 6
174 8
175 2
176 3 4
177 2 4 6
178 7
179 2 7
180 3 5
181 8 1
182 8 7
183 9 5
184 9
185 1 2
186 5 6
187 9 4
188 1 4 5
189 1 4
190 2
191 3 5
192 8 1
193 7
194 4 7
195 9 1
196 5 6
197 2 4 6
198 1 7
199 5
200 8 6
201 9 7
202 1 3 5
203 9 4
204 9 7
205 1 6 9
206 1 4
207 3 4
208 6
209 2 5 7
210 5
211 8 3
212 6
213 4 7
214 9 5
215 8 7
216 3
217 3 4 5
218 8 5 6
219 6
220 2 4
221 9 3
222 1 4 5
223 2 5
224 2 3 6
225 5
226 1
227 9
228 3 4 6
229 2 3 4
230 4 5
231 4 5
232 9 2
233 7
234 3 6
235 8
236 2 3 7
237 9 5 6
238 4
239 2
240 8 1
241 9
242 2 3
243 5 6
244 1 3 6
245 2 4
246 3 4 6
247 1
248 2 5
249 2 4 5
250 8 5
251 6 7
252 1 3 7
253 9 1
254 8 9 1
255 3
256 3
257 9 5
258 1 3
259 9 5
260 5
261 1
262 5
263 5 6
264 3 6
265 1 2
266 7
267 1 6
268 3
269 5 6
270 4
271 4
272 2 6
273 8 2
274 8 1 4
275 9 7
276 2
277 9
278 9
279 8
280 4
281 8 7
282 8 2 7
283 9
284 5 6 7
285 7
286 9 7
287 8 3
288 1 6
289 3 6
290 6 7
291 5
292 9 5
293 9 6
294 2 7
295 9 5
296 1 2
297 5
298 3
299 8 9
300 8 5
301 1 2 4
302 2
303 1 4 7
304 8 7
305 2
306 4
307 6
308 9 6 7
309 1 7 9
310 1
311 1
312 4 6
313 1 2 4
314 6
315 3
316 2 4
317 9 3 6
318 9
319 9
320 1
321 3
322 9 6
323 6 7
324 1 7
325 5
326 5
327 8 4
328 7
329 2 6 7
330 4 5 6
331 5
332 1
333 8 4 5
334 4 5
335 6
336 9 4 5
337 2 6
338 3
339 3 6
340 2 3
341 1 7
342 1 2 9
343 8
344 2 3 6
345 3 4
346 3 7
347 3
348 7
349 8 1
350 9 2 4
351 2 4
352 3 6
353 8 1 3
354 4 5
355 4 7
356 8 1 3
357 4
358 3 6
359 1
360 8 3
361 5
362 8 5 7
363 7
364 8 9 4
365 3 7
366 3 6 7
367 4 5
368 8
369 7
370 6
371 5 6
372 8 3
373 5 7
374 9 7
375 4
376 8 4
377 6
378 8 3
379 2 6
380 8 3 5
381 1 9
382 9 4 5
383 1 6
384 6
385 2
386 3 6
387 8 2 6
388 5
389 5 6
390 1 4
391 8 4 7
392 8 1 3
393 2
394 8 3
395 5
396 3 4 5
397 8 9 5
398 2 5
399 3 4 5
400 8 3
401 3
402 8 9
403 6
404 1
405 7
406 1 2 7
407 3 4
408 1 6 7
409 6
410 1 9
411 2 7
412 6 7
413 7
414 5
415 9 6
416 1 3 7
417 9
418 8 9 6
419 8 3
420 4
421 8 6
422 1 7
423 9
424 2 4
425 2 3
426 1
427 2 4
428 7
429 7
430 6
431 7
432 2
433 3 6
434 8
435 3
436 8 7
437 8 2 6
438 1 7
439 8 5
440 6
441 9 2 6
442 2
443 8 2 3
444 1
445 2 7
446 1 3 5
447 8 2 5
448 1 6
449 7
450 3 4
451 2
452 2 3 4
453 5
454 2
455 8 5
456 4
457 2
458 5
459 1
460 4 5
461 6
462 9
463 9 2
464 8 2 5
465 9 5
466 2 7
467 4 5
468 8 1 7
469 9 4 6
470 8 4 5
471 1 4 7
472 2 5
473 3
474 2 4
475 1
476 2 6
477 8 5
478 6
479 8 9 3
480 9 3
481 4 6
482 4
483 2 3 4
484 2
485 3 6
486 8 2
487 1 5
488 4 6
489 8 5
490 9
491 2
492 9 6
493 5
494 1 4
495 2 4 6
496 8 6
497 1 6
498 1 7
499 8 4
500 4
501 8
502 4
503 6
504 5
505 3 5
506 5 6 7
507 7
508 9 5
509 7
510 2 5
511 9 5 6
512 9 3
513 1 4 5
514 9 6
515 1 3 7
516 9 3 6
517 9
518 6
519 8 5
520 9 5
521 1 4
522 2
523 9
524 2 6
525 9 3
526 8 1
527 2
528 8 1 4
529 9 6
530 7
531 4 7
532 8
533 2
534 9 5
535 8 3
536 9 4
537 9 3 4
538 2 3 5
539 3
540 2 4 7
541 1 5
542 1 6
543 9 6
544 4
545 2
546 1 3
547 8 5
548 2 3 7
549 9 3
550 2 4 7
551 5 7
552 9
553 9
554 5
555 1 6
556 9 1 7
557 9
558 2
559 1 4 5
560 9 4 5
561 8 7
562 3 7
563 8 1 3
564 1 6
565 8 6
566 2
567 4
568 2 5 7
569 1 3 9
570 4
571 3
572 7
573 9 2 1
574 8 9 2
575 1 2 6
576 3
577 2 5 6
578 9
579 9
580 6
581 9 4 6
582 9
583 4 7
584 7
585 8 2
586 9 2
587 9 5 6
588 8 4 6
589 2
590 4 5
591 3
592 8 5
593 9 4 5
594 2 3 5
595 1 3
596 2 3 6
597 1 6
598 2 3
599 4
600 8 2
601 4 6
602 1
603 3 6
604 9
605 1
606 9 2 1
607 1 2
608 1 6
609 6
610 9 3 4
611 4
612 9 2 6
613 2
614 4 7
615 1 3
616 6
617 1
618 1 4 7
619 3 6 7
620 9 2 3
621 5
622 5 6 7
623 4
624 9
625 9 2 3
626 8 3
627 1 4
628 1
629 1
630 8
631 8 9
632 2 6
633 6
634 4
635 2 3
636 8
637 2 3 4
638 2 7
639 1
640 2 3
641 5 7
642 9
643 2
644 8 9 6
645 9
646 8 9 7
647 7
648 6 7
649 6 7
650 8
651 2 7
652 9 6
653 1 2
654 3 5
655 9
656 1
657 8 1
658 3 6
659 2 6
660 1 9
661 7
662 1 6
663 2
664 8 3 7
665 1 4 7
666 9 3 5
667 1
668 3 6
669 4 7
670 9 7
671 2 5 6
672 8 6
673 8 4
674 2 5
675 8 9
676 5 7
677 6
678 7
679 2 3
680 2
681 8 1 2
682 8
683 4
684 7
685 7
686 8 1
687 8
688 8
689 2 4 6
690 3
691 1 3
692 7
693 2 7
694 9 5 6
695 9 2 7
696 7
697 1 3
698 6
699 5
700 8
701 8
702 1
703 9 2
704 9 1
705 3 4
706 3
707 8 6 7
708 2
709 8
710 5
711 9
712 4 7
713 9 3 1
714 8 1
715 5 6
716 8
717 4
718 1 3
719 8
720 1 4 6
721 1
722 4
723 8 9 7
724 3
725 8 6
726 7
727 8 9 2
728 8
729 3 4
730 6
731 4 7
732 8 9 2
733 3 7
734 7
735 2 7
736 1 3
737 4
738 3 5 6
739 9 6
740 6
741 8
742 8 4
743 3 4
744 8 4 6
745 2 5
746 8 3
747 7
748 8 1 6
749 2
750 4
751 9
752 8 3
753 5
754 3
755 3 6 7
756 9 4
757 4 6
758 1
759 2
760 9
761 9 2 6
762 3
763 3
764 1 2
765 4
766 8 4 7
767 1 3
768 2 5 7
769 2 7
770 2 7
771 5
772 4 6
773 9 4 7
774 8 9
775 3
776 8
777 6
778 3 7
779 6
780 1 3
781 8 9
782 2 6
783 8 6
784 2
785 1
786 2 6 7
787 2
788 4
789 9 7
790 1 5
791 2 4
792 8 5
793 4 6 7
794 1 2 4
795 4 7
796 1 5 7
797 1 6
798 1 5
799 7
800 1 6
801 5
802 1 5 6
803 9 5
804 5
805 9 3 1
806 2
807 3
808 2 5
809 3 4 5
810 9 1
811 2 5
812 8 9 5
813 3 5
814 6
815 4 6
816 2 4
817 1 9
818 4
819 9 4
820 8 9 2
821 4 6
822 8
823 4
824 9
825 9 6
826 3 4
827 9
828 4
829 8
830 9 2
831 9 6
832 5
833 7
834 8 9
835 5
836 2 3
837 9 3
838 3 4
839 8
840 9 1 7
841 3
842 6
843 5
844 8 4 5
845 2
846 9
847 3 7
848 8
849 1 4
850 8 3
851 8
852 9 3
853 1 7
854 1 2 3
855 9 2 3
856 3 7
857 9 2
858 4 7
859 1
860 6
861 1 3
862 1 2
863 3 4 5
864 3
865 4 6
866 8 4
867 3
868 3
869 8 6
870 7
871 2
872 2
873 8 1
874 8 1 3
875 1
876 1 9
877 5 7
878 9
879 1 6
880 8 7
881 1
882 5 7
883 1 6
884 1 5 6
885 9 2
886 2
887 6
888 6 7
889 3 4 7
890 8 4
891 2
892 8
893 2 3
894 1 4
895 3
896 3 5
897 6
898 9
899 6
900 8 1 2
901 8 7
902 4 5 7
903 1 4 6
904 3
905 2
906 3 7
907 2 5 7
908 4
909 6
910 4 7
911 1 2 9
912 2
913 2
914 1 7
915 3
916 1 2 3
917 2 3 6
918 4
919 5
920 9
921 6
922 3 4
923 1 5
924 2 5 7
925 2 5 6
926 5 6 7
927 3 5 6
928 1 3 6
929 5 6 7
930 9 5
931 5 7
932 6
933 8 1 3
934 9
935 9 2 1
936 8 5
937 8 9 4
938 3
939 8 9 7
940 8 3 4
941 5 6
942 6
943 2 3 4
944 9
945 7
946 4
947 1 7
948 1 7
949 9 6
950 8
951 2 3 5
952 5
953 1 9
954 2
955 3 5
956 7
957 3 6
958 5
959 1 2
960 9
961 2 3
962 3 6
963 1 5 7
964 6
965 2
966 9 6 1
967 9 1
968 4 7
969 3 5 6
970 5
971 2 5 6
972 1 2 3
973 1 3 6
974 3
975 8 2 4
976 9
977 2 7
978 5
979 4
980 8 9 7
981 8 9 4
982 9 6
983 9 3 5
984 1
985 2
986 8 1
987 9 6
988 4
989 3 7
990 9 6 7
991 1
992 5
993 2 5
994 4 7
995 2 4 5
996 6
997 9
998 8
999 5
